# step, loss_train, loss_test, metrics_test
0.000000000000000000e+00 8.127108593750000000e+04 1.282618041992187500e+03 7.894283593750000000e+04 1.282515625000000000e+03 1.418958902359008789e+00
1.000000000000000000e+03 7.433885937500000000e+04 9.861101684570312500e+02 7.171920312500000000e+04 9.828713989257812500e+02 1.009826064109802246e+00
2.000000000000000000e+03 2.329567871093750000e+03 1.506324157714843750e+02 2.026776367187500000e+03 1.468691558837890625e+02 4.771206080913543701e-01
3.000000000000000000e+03 1.165441589355468750e+02 4.114086914062500000e+01 1.131884078979492188e+02 3.959826660156250000e+01 2.019583582878112793e-01
3.000000000000000000e+03 1.165441589355468750e+02 4.114086914062500000e+01 1.131884078979492188e+02 3.959826660156250000e+01 2.019583582878112793e-01
4.000000000000000000e+03 8.591026306152343750e+00 3.519317388534545898e+00 8.571622848510742188e+00 3.363656997680664062e+00 5.867749825119972229e-02
5.000000000000000000e+03 4.567281007766723633e-01 4.452356696128845215e-01 4.388665854930877686e-01 4.187479317188262939e-01 1.648686267435550690e-02
6.000000000000000000e+03 1.373565346002578735e-01 1.503568738698959351e-01 1.308714300394058228e-01 1.360914707183837891e-01 6.286375690251588821e-03
7.000000000000000000e+03 6.594350188970565796e-02 7.124149054288864136e-02 6.102994084358215332e-02 6.695088744163513184e-02 3.216156968846917152e-03
8.000000000000000000e+03 3.471798077225685120e-02 4.718930646777153015e-02 3.075291588902473450e-02 4.355353116989135742e-02 3.024004632607102394e-03
9.000000000000000000e+03 2.470907941460609436e-02 2.575600147247314453e-02 2.176609076559543610e-02 2.384378015995025635e-02 2.339462283998727798e-03
1.000000000000000000e+04 1.652847602963447571e-02 1.594922132790088654e-02 1.449870411306619644e-02 1.453464943915605545e-02 1.779597834683954716e-03
1.100000000000000000e+04 1.250527799129486084e-02 1.060052774846553802e-02 1.114721503108739853e-02 9.286438114941120148e-03 1.842293771915137768e-03
1.200000000000000000e+04 9.876504540443420410e-03 8.800975978374481201e-03 8.860297501087188721e-03 7.888263091444969177e-03 1.408112468197941780e-03
1.300000000000000000e+04 8.663014508783817291e-03 7.742630783468484879e-03 7.753553800284862518e-03 7.124086376279592514e-03 1.645169686526060104e-03
1.400000000000000000e+04 7.984868250787258148e-03 6.305084563791751862e-03 7.259387057274580002e-03 5.861676298081874847e-03 1.296150498092174530e-03
1.500000000000000000e+04 7.309775333851575851e-03 5.157460458576679230e-03 6.726658437401056290e-03 4.803187679499387741e-03 1.184919383376836777e-03
1.600000000000000000e+04 6.231375504285097122e-03 4.570020362734794617e-03 5.700384266674518585e-03 4.219319205731153488e-03 1.017720554955303669e-03
1.700000000000000000e+04 5.392910912632942200e-03 3.935704473406076431e-03 4.891909658908843994e-03 3.720444394275546074e-03 7.496695034205913544e-04
1.800000000000000000e+04 4.633998963981866837e-03 3.649860387668013573e-03 4.159964621067047119e-03 3.423594869673252106e-03 6.181845674291253090e-04
1.800000000000000000e+04 4.633998963981866837e-03 3.649860387668013573e-03 4.159964621067047119e-03 3.423594869673252106e-03 6.181845674291253090e-04
