# step, loss_train, loss_test, metrics_test
0.000000000000000000e+00 4.072055625000000000e+05 2.731376464843750000e+03 3.953352187500000000e+05 2.731157470703125000e+03 1.463485002517700195e+00
1.000000000000000000e+03 3.453739375000000000e+05 2.664233642578125000e+03 3.318505312500000000e+05 2.678119628906250000e+03 7.923998832702636719e-01
2.000000000000000000e+03 3.157433125000000000e+05 1.730699096679687500e+03 3.016600937500000000e+05 1.728286376953125000e+03 7.396750450134277344e-01
3.000000000000000000e+03 2.961955312500000000e+05 1.631871459960937500e+03 2.816107187500000000e+05 1.627549194335937500e+03 1.024507164955139160e+00
3.000000000000000000e+03 2.961955312500000000e+05 1.631871459960937500e+03 2.816107187500000000e+05 1.627549194335937500e+03 1.024507164955139160e+00
4.000000000000000000e+03 5.329927734375000000e+04 6.965775756835937500e+02 3.680719531250000000e+04 6.750177001953125000e+02 2.626827478408813477e+00
5.000000000000000000e+03 3.069173889160156250e+02 7.324978637695312500e+01 2.868089599609375000e+02 7.173384094238281250e+01 3.069125413894653320e-01
6.000000000000000000e+03 8.389086914062500000e+01 4.097132492065429688e+01 7.747805786132812500e+01 3.959362030029296875e+01 1.164569929242134094e-01
7.000000000000000000e+03 3.047119903564453125e+01 3.276351547241210938e+01 2.923987197875976562e+01 3.219409179687500000e+01 1.361303925514221191e-01
8.000000000000000000e+03 1.513498401641845703e+01 3.007573318481445312e+01 1.497021484375000000e+01 2.952761268615722656e+01 1.092086061835289001e-01
9.000000000000000000e+03 8.638549804687500000e+00 2.765743637084960938e+01 8.535081863403320312e+00 2.727631187438964844e+01 1.040969491004943848e-01
1.000000000000000000e+04 5.204802989959716797e+00 2.706912040710449219e+01 5.039500713348388672e+00 2.675876808166503906e+01 9.863056242465972900e-02
1.100000000000000000e+04 2.974132061004638672e+00 2.699562454223632812e+01 2.883951425552368164e+00 2.663257980346679688e+01 9.384597837924957275e-02
1.200000000000000000e+04 2.442712306976318359e+00 2.677811813354492188e+01 2.359212875366210938e+00 2.644546890258789062e+01 9.972345829010009766e-02
1.300000000000000000e+04 2.088910102844238281e+00 2.668809700012207031e+01 2.009579181671142578e+00 2.635563087463378906e+01 9.606842696666717529e-02
1.400000000000000000e+04 1.925635457038879395e+00 2.660446166992187500e+01 1.849557518959045410e+00 2.627604675292968750e+01 9.744413197040557861e-02
1.500000000000000000e+04 1.738043904304504395e+00 2.665631866455078125e+01 1.659869074821472168e+00 2.632261848449707031e+01 9.711761027574539185e-02
1.600000000000000000e+04 1.653689861297607422e+00 2.664971733093261719e+01 1.586625099182128906e+00 2.631231880187988281e+01 9.874808043241500854e-02
1.700000000000000000e+04 1.599348306655883789e+00 2.656459045410156250e+01 1.538591027259826660e+00 2.622982215881347656e+01 9.701573848724365234e-02
1.800000000000000000e+04 1.499355196952819824e+00 2.658807373046875000e+01 1.441557049751281738e+00 2.624168968200683594e+01 9.696488082408905029e-02
1.800000000000000000e+04 1.499355196952819824e+00 2.658807373046875000e+01 1.441557049751281738e+00 2.624168968200683594e+01 9.696488082408905029e-02
