# step, loss_train, loss_test, metrics_test
0.000000000000000000e+00 1.282328375000000000e+06 4.768282226562500000e+03 1.244664125000000000e+06 4.771232910156250000e+03 1.469966530799865723e+00
1.000000000000000000e+03 7.483665625000000000e+04 6.544613037109375000e+02 5.059033593750000000e+04 6.395394897460937500e+02 1.213809013366699219e+00
2.000000000000000000e+03 2.319200585937500000e+04 4.519525756835937500e+02 1.297886816406250000e+04 4.360480346679687500e+02 1.071040511131286621e+00
3.000000000000000000e+03 8.683881835937500000e+03 4.150643005371093750e+02 5.147309082031250000e+03 3.992649841308593750e+02 1.250253081321716309e+00
4.000000000000000000e+03 3.826281494140625000e+03 3.494856262207031250e+02 2.592605224609375000e+03 3.362707824707031250e+02 1.429550766944885254e+00
5.000000000000000000e+03 2.159053222656250000e+03 2.931826477050781250e+02 1.767993530273437500e+03 2.826808776855468750e+02 1.513906240463256836e+00
5.000000000000000000e+03 2.159053222656250000e+03 2.931826477050781250e+02 1.767993530273437500e+03 2.826808776855468750e+02 1.513906240463256836e+00
6.000000000000000000e+03 1.930881690979003906e+01 3.697259140014648438e+01 1.855913925170898438e+01 3.659822845458984375e+01 1.731084138154983521e-01
7.000000000000000000e+03 7.300388813018798828e+00 2.712108039855957031e+01 7.075305461883544922e+00 2.679783058166503906e+01 1.309495568275451660e-01
8.000000000000000000e+03 4.254634380340576172e+00 2.147194862365722656e+01 3.997853040695190430e+00 2.116368293762207031e+01 1.001222208142280579e-01
9.000000000000000000e+03 2.742110490798950195e+00 1.562247276306152344e+01 2.638550758361816406e+00 1.535976505279541016e+01 6.770997494459152222e-02
1.000000000000000000e+04 2.319338321685791016e+00 1.037702941894531250e+01 2.246812105178833008e+00 1.017896556854248047e+01 4.905819520354270935e-02
1.100000000000000000e+04 1.969713449478149414e+00 6.367392063140869141e+00 1.879863381385803223e+00 6.184792995452880859e+00 5.241852626204490662e-02
1.200000000000000000e+04 1.545347690582275391e+00 3.942319869995117188e+00 1.379328250885009766e+00 3.786952972412109375e+00 4.613765329122543335e-02
1.300000000000000000e+04 1.277757525444030762e+00 2.581952571868896484e+00 1.154173851013183594e+00 2.471971988677978516e+00 3.524069860577583313e-02
1.400000000000000000e+04 9.875261187553405762e-01 1.853559494018554688e+00 8.946831822395324707e-01 1.779550313949584961e+00 3.618444874882698059e-02
1.500000000000000000e+04 7.422441244125366211e-01 1.246672868728637695e+00 6.596193909645080566e-01 1.186458230018615723e+00 3.264712914824485779e-02
1.600000000000000000e+04 5.790319442749023438e-01 9.992763400077819824e-01 5.085384845733642578e-01 9.504162073135375977e-01 2.744160033762454987e-02
1.700000000000000000e+04 4.280655086040496826e-01 8.000800609588623047e-01 3.742392361164093018e-01 7.554866075515747070e-01 1.996537111699581146e-02
1.800000000000000000e+04 3.486436307430267334e-01 6.592710614204406738e-01 2.976972162723541260e-01 6.203192472457885742e-01 1.598626561462879181e-02
1.900000000000000000e+04 2.957142889499664307e-01 5.444943904876708984e-01 2.486876696348190308e-01 5.090737342834472656e-01 1.288407575339078903e-02
2.000000000000000000e+04 2.390673756599426270e-01 4.334110319614410400e-01 2.072061300277709961e-01 4.050113558769226074e-01 7.481047417968511581e-03
2.000000000000000000e+04 2.390673756599426270e-01 4.334110319614410400e-01 2.072061300277709961e-01 4.050113558769226074e-01 7.481047417968511581e-03
2.000000000000000000e+04 2.390673756599426270e-01 4.334110319614410400e-01 2.072061300277709961e-01 4.050113558769226074e-01 7.481047417968511581e-03
2.100000000000000000e+04 2.000447511672973633e-01 3.648786842823028564e-01 1.682412475347518921e-01 3.420263528823852539e-01 9.919315576553344727e-03
2.200000000000000000e+04 1.695817559957504272e-01 3.432525694370269775e-01 1.357836276292800903e-01 3.238312005996704102e-01 8.911040611565113068e-03
2.300000000000000000e+04 1.585096120834350586e-01 3.135510087013244629e-01 1.262947171926498413e-01 2.955009639263153076e-01 8.634400554001331329e-03
2.400000000000000000e+04 1.515831202268600464e-01 2.852585017681121826e-01 1.198786571621894836e-01 2.674005925655364990e-01 8.973172865808010101e-03
2.500000000000000000e+04 1.441268324851989746e-01 2.572884559631347656e-01 1.125930175185203552e-01 2.407757192850112915e-01 8.848401717841625214e-03
2.600000000000000000e+04 1.372881680727005005e-01 2.288989722728729248e-01 1.105056405067443848e-01 2.138947993516921997e-01 7.887888699769973755e-03
2.700000000000000000e+04 1.147900372743606567e-01 2.097485810518264771e-01 9.132527559995651245e-02 1.966689527034759521e-01 5.753009580075740814e-03
2.800000000000000000e+04 1.081769242882728577e-01 1.940437853336334229e-01 8.670726418495178223e-02 1.823518425226211548e-01 5.884582176804542542e-03
2.900000000000000000e+04 1.016815677285194397e-01 1.738116443157196045e-01 8.060996234416961670e-02 1.627831161022186279e-01 4.834519699215888977e-03
3.000000000000000000e+04 9.432186186313629150e-02 1.534955352544784546e-01 7.427449524402618408e-02 1.445223540067672729e-01 4.398755263537168503e-03
3.100000000000000000e+04 9.939113259315490723e-02 1.436353772878646851e-01 8.248502761125564575e-02 1.355303376913070679e-01 5.341885145753622055e-03
3.200000000000000000e+04 7.852048426866531372e-02 1.305955499410629272e-01 6.317161023616790771e-02 1.226491183042526245e-01 4.404416773468255997e-03
3.300000000000000000e+04 7.456444203853607178e-02 1.234425902366638184e-01 6.113952398300170898e-02 1.161408796906471252e-01 3.563994774594902992e-03
3.400000000000000000e+04 7.056659460067749023e-02 1.140294149518013000e-01 5.844428017735481262e-02 1.074547246098518372e-01 2.905583241954445839e-03
3.500000000000000000e+04 6.810363382101058960e-02 1.054590791463851929e-01 5.651951208710670471e-02 9.917405992746353149e-02 3.034383524209260941e-03
