# step, loss_train, loss_test, metrics_test
0.000000000000000000e+00 1.790498779296875000e+03 2.959562683105468750e+02 1.797217163085937500e+03 2.961271057128906250e+02 1.679333925247192383e+00
5.000000000000000000e+02 6.955200195312500000e+02 2.182016563415527344e+01 6.760225830078125000e+02 1.891793632507324219e+01 6.307111978530883789e-01
1.000000000000000000e+03 3.707948913574218750e+02 8.785375595092773438e+00 3.464436950683593750e+02 7.355195999145507812e+00 5.003529191017150879e-01
1.000000000000000000e+03 3.707948913574218750e+02 8.785375595092773438e+00 3.464436950683593750e+02 7.355195999145507812e+00 5.003529191017150879e-01
1.500000000000000000e+03 1.807691812515258789e+00 4.368521273136138916e-01 1.689556717872619629e+00 3.891887962818145752e-01 3.944557905197143555e-02
2.000000000000000000e+03 1.846029460430145264e-01 7.813562452793121338e-02 1.776256859302520752e-01 6.331253796815872192e-02 7.401264272630214691e-03
2.000000000000000000e+03 1.846029460430145264e-01 7.813562452793121338e-02 1.776256859302520752e-01 6.331253796815872192e-02 7.401264272630214691e-03
2.500000000000000000e+03 3.490353003144264221e-02 3.789620101451873779e-02 2.847586944699287415e-02 2.830228395760059357e-02 4.434396047145128250e-03
3.000000000000000000e+03 1.813396997749805450e-02 2.081800252199172974e-02 1.486839819699525833e-02 1.523866876959800720e-02 2.637305064126849174e-03
3.000000000000000000e+03 1.813396997749805450e-02 2.081800252199172974e-02 1.486839819699525833e-02 1.523866876959800720e-02 2.637305064126849174e-03
4.000000000000000000e+03 1.044341697706840932e-04 8.419882215093821287e-05 9.011570364236831665e-05 7.716186519246548414e-05 6.580227636732161045e-05
5.000000000000000000e+03 2.778569796646479517e-05 2.057828896795399487e-05 2.267594027216546237e-05 1.716955557640176266e-05 3.336080044391565025e-05
6.000000000000000000e+03 1.399440589011646807e-05 9.987091289076488465e-06 1.184750999527750537e-05 8.497402632201556116e-06 2.009645868383813649e-05
7.000000000000000000e+03 8.388628884858917445e-06 5.585843155131442472e-06 7.355431080213747919e-06 4.552887730824295431e-06 1.466469711886020377e-05
8.000000000000000000e+03 5.575239811150822788e-06 3.812463774011121131e-06 4.960898422723403201e-06 2.957898004751768894e-06 1.426043581886915490e-05
9.000000000000000000e+03 4.541313501249533147e-06 2.800624997689737938e-06 3.865951839543413371e-06 2.226235210400773212e-06 9.739379493112210184e-06
1.000000000000000000e+04 3.401028607186162844e-06 2.169201252399943769e-06 2.764765213214559481e-06 1.688570705482561607e-06 8.536844688933342695e-06
1.100000000000000000e+04 3.388107643331750296e-06 2.163531917176442221e-06 2.756293724814895540e-06 1.684586209194094408e-06 8.532463652954902500e-06
1.200000000000000000e+04 3.381097940291510895e-06 2.160349595214938745e-06 2.753018861767486669e-06 1.681662752162083052e-06 8.562340553908143193e-06
1.300000000000000000e+04 3.377718030606047250e-06 2.157258222723612562e-06 2.750692829067702405e-06 1.678872308730205987e-06 8.563028131902683526e-06
1.400000000000000000e+04 3.373482286406215280e-06 2.156104528694413602e-06 2.747476855802233331e-06 1.677612544881412759e-06 8.567549230065196753e-06
1.500000000000000000e+04 3.370034164618118666e-06 2.153993591491598636e-06 2.744703351709176786e-06 1.675775592957506888e-06 8.579775567341130227e-06
1.600000000000000000e+04 3.367278850419097580e-06 2.152991100956569426e-06 2.741293656072230078e-06 1.674839381848869380e-06 8.581252586736809462e-06
1.700000000000000000e+04 3.364290478202747181e-06 2.151858097931835800e-06 2.740967829595319927e-06 1.673852011663257144e-06 8.552257895644288510e-06
1.800000000000000000e+04 3.360585878908750601e-06 2.150795808120165020e-06 2.738155217230087146e-06 1.672647726991272066e-06 8.531330422556493431e-06
1.800000000000000000e+04 3.360585878908750601e-06 2.150795808120165020e-06 2.738155217230087146e-06 1.672647726991272066e-06 8.531330422556493431e-06
